ID	Race	Grades	Sex	Name	Desc	BeginYear	Perception	Physique	Charisma	Intelligence	Luck	Fight	Qi	SocialContact	Medicine	Cooking	Building	Farming	Mining	Art	Manual	DouFa	DanQi	Fabao	FightSkill	Barrier	Zhen	F1	F2	F3	F4	F5	F6	IsCreat
ID	种族	阶段 0童年 1成年 2重大事件 	性别 0均可 1男 2女	名字	描述	触发开始年份	感知	体质	魅力	悟性	运气	战斗	气感	社交 （所有技能等级后面可以附加,X。X为热爱程度 1为热爱 2为痴迷）	医术	厨艺	建筑	农事	采掘	艺术	制造	斗法	丹器	御物	术法	护体	阵法	特性1	特性2	特性3	特性4	特性5	特性6	
2022001	Human	1	0	酒剑仙	[NAME]是蜀山仙剑派俗家弟子，后继任掌门，自称[NAME]，姓名已无人知晓，于武学上极有天赋，唯独嗜酒如命，举止狂放，不在意任何规矩法度，被师门视为异类，也常被师兄说教。玩世不恭游戏人间，自创“酒神”绝技，以酒作乐，酒喝越多越有精神，没酒喝反而会醉倒。立誓尝遍天下美酒，斩尽世间妖魔。	-1	10	10	10	10	10	20,2	20,2	20,2	20,2	-20,0	-20,0	-20,0	-20,0	20,2	20,2	20,2	20,2	20,2	20,2	20,2	20,2	LunHui_9	LunHui_24	LunHui_30	LunHui_20	LunHui_41	YangBody	1
2022002	Human	1	0	无尘剑仙	有诗云：“瞳凝秋水剑流星，裁诗为骨玉为神。翩翩白衣云端客，生死为谁一掷轻。”[NAME]身世无人知晓，自小被酒剑仙带上山修习仙剑派道法，天资超凡，内敛自持，品行令人敬慕。外冷内热，仙风道骨，看似冷峻肃穆，实则内敛而重情义。处事原则分明，对于天道循环等有较为透彻的感悟。因其心一尘不染，又青丝如雪一袭白衣，被三界称为—无尘剑仙[NAME]。	-1	10	10	10	10	10	20,2	20,2	20,2	20,2	-20,0	-20,0	-20,0	-20,0	20,2	20,2	20,2	20,2	20,2	20,2	20,2	20,2	LunHui_9	Features_JingGuai_3	GoodMentality	LunHui_20	BaiFa	SonOfDestiny	1
2022003	Human	1	0	麻衣剑仙	[NAME]为人侠义豪爽，年轻时为一镖局的镖头，经常走南闯北练出一身本领。[IT]在一次押镖途中看见几名邪修正屠戮一所村庄，便立马上去帮助村民，奈何不是邪修对手，在身受重伤后使用偶然习得的龟息法逃过一劫，脸上也留下狰狞的伤口。[NAME]此战之后便打算拜入仙门学习道法，不求升仙只为除恶卫道，通过重重考验后加入蜀山仙剑派。前世能力也随之觉醒。因常常穿一身麻衣头戴斗笠，人称“麻衣剑仙”。	-1	10	10	10	10	10	20,2	20,2	20,2	20,2	-20,0	-20,0	-20,0	-20,0	20,2	20,2	20,2	20,2	20,2	20,2	20,2	20,2	LunHui_9	Enthusiasm	LunHui_20	LunHui_41	LunHui_47	DragonBlood	1
2022004	Human	1	0	玄符天师	仙剑派盛产剑侠，却也不乏有其他修士，[NAME]便是其中之一。自幼被送上山门后，不爱习剑，却对符法喜爱有加，加上天资聪慧，刻骨钻研，硬是凭一己之力把仙剑派符法之术提升了数个档次，直逼龙虎山天师府。那之后山门弟子背后都称呼他为小天师。	-1	10	10	10	10	10	20,2	20,2	20,2	20,2	-20,0	-20,0	-20,0	-20,0	20,2	20,2	20,2	20,2	20,2	20,2	20,2	20,2	LunHui_9	LunHui_55	LunHui_65	LunHui_43	HuaFuShi	SonOfDestiny	1
2022005	Human	1	0	鬼王宗少主	[NAME]乃魔教四大宗之一鬼王宗少宗主，鬼王的掌上明珠，家学渊源，功法精妙绝伦，仙姿仪容，灵气逼人，博闻广识，妙颜无双。在魔教中位高权重。	-1	10	10	10	10	10	20,2	20,2	20,2	20,2	-20,0	-20,0	-20,0	-20,0	20,2	20,2	20,2	20,2	0,0	0,0	0,0	0,0	Warrior	Tiger_Pier	Wolf_Calm	LunHui_48	Cat_Elegant	SonOfDestiny	1
2022006	Human	1	0	小竹峰首座	[NAME]容颜空灵清绝，白衣翩跹，身负蓝色仙剑临风而立，青丝飞扬，一身仙风侠骨仗剑江湖。她是正道大派青云门下新一代弟子中的翘楚，天资绝顶，入门短短五年，修为高玉清九层，性子清冷出尘，不喜多舌言辞。	-1	10	10	10	10	10	20,2	20,2	20,2	20,2	-20,0	-20,0	-20,0	-20,0	20,2	20,2	20,2	20,2	0,0	0,0	0,0	0,0	LunHui_17	Warrior	Tiger_Pier	Wolf_Calm	LunHui_48	SonOfDestiny	1
2022007	Human	1	0	妙公子	[NAME]俏丽妩媚，撩人心魄，却内心强硬，精灵狡黠，为生存可不择手段。善用媚心术蛊惑他人，却从未爱上任一男子。	-1	10	10	10	10	10	20,2	20,2	20,2	20,2	-20,0	-20,0	-20,0	-20,0	20,2	20,2	20,2	20,2	0,0	0,0	0,0	0,0	Warrior	Tiger_Pier	Wolf_Calm	LunHui_47	Optimistic	LunHui_48	1
2022008	Human	1	0	青云相师	[NAME]可爱美丽，天真善良，喜欢吃冰糖葫芦，在相术之上拥有惊人天赋，后得鬼先生传其鬼道之术。	-1	10	10	10	10	10	0,0	20,2	20,2	20,2	-20,0	-20,0	-20,0	-20,0	20,2	20,2	20,2	20,2	0,0	0,0	0,0	0,0	Craftsman	Reader	Artist	LunHui_43	HuaFuShi	LunHui_48	1
2022009	Human	1	0	霹雳堂护法	[NAME]霹雳堂护法，一心想重振霹雳堂威名。看似高傲强悍，实则内心也有柔情似水的一面。身负振兴霹雳堂的重任的她时常压抑自己的感情，然而在深入交往后，酒后对主角表露自己的心迹，主角拜入门派后第一个并肩作战的女性角色。	-1	10	10	10	10	10	20,2	20,2	20,2	20,2	-20,0	-20,0	-20,0	-20,0	20,2	20,2	20,2	20,2	0,0	0,0	0,0	0,0	Warrior	Tiger_Pier	Wolf_Calm	LunHui_43	LianBaoShi	LunHui_63	1
2022010	Human	1	0	神医之女	[NAME]娴雅端秀，为忘忧谷神医之女。通灵体质，平素温和善良，有些小任性。但对厌恶的人事物毫不假以辞色。喜欢研究新的丹药，有收集伞的嗜好。	-1	10	10	10	10	10	0,0	20,2	20,2	20,2	-20,0	-20,0	-20,0	-20,0	20,2	20,2	20,2	20,2	0,0	0,0	0,0	0,0	Craftsman	Reader	Artist	LunHui_43	LianDanShi	LunHui_61	1
2022011	Human	1	0	天意城杀手	[NAME]天意城杀手，代号为「花」。为四大杀手之一「侍」的徒弟。忠于组织，外冷内热;容貌秀美，气质孤傲。平日作男性打扮行动。师父「侍」因任务失败而死，此后便一直等待着为师父复仇的机会。	-1	10	10	10	10	10	20,2	20,2	20,2	20,2	-20,0	-20,0	-20,0	-20,0	20,2	20,2	20,2	20,2	0,0	0,0	0,0	0,0	LunHui_17	Warrior	Tiger_Pier	Wolf_Calm	Cat_Elegant	DemonBlood	1
2022012	Human	1	0	修罗宫四宫主	[NAME]修罗宫四宫主。貌如月季，态拟水仙。个性善良，但不易和人亲近，身世鲜为人知。此人深爱花艺，对各类花卉如数家珍，身上会散发出一股淡淡花香，是个谜样的女子。	-1	10	10	10	10	10	20,2	20,2	20,2	20,2	-20,0	-20,0	-20,0	-20,0	20,2	20,2	20,2	20,2	0,0	0,0	0,0	0,0	Warrior	Tiger_Pier	Wolf_Calm	Cat_Elegant	LunHui_48	YinBody	1
2022013	Human	1	0	天龙八部夜叉	[NAME]天龙八部之夜叉，身着红衣的艳美女子。擅长轻功，邪气逼人，龙王麾下的第一战将。表面上狠辣狡猾，然而内心深处也有纯真和深情的一面，也有想做真实自己的愿望。	-1	10	10	10	10	10	20,2	20,2	20,2	20,2	-20,0	-20,0	-20,0	-20,0	20,2	20,2	20,2	20,2	0,0	0,0	0,0	0,0	Warrior	Tiger_Pier	Wolf_Calm	Cat_Elegant	LunHui_48	DemonBlood	1
2022014	Human	1	0	忘忧七贤	[NAME]忘忧七贤之一，精于音律。传说她所弹奏的乐曲有如天籁之音，能控制人的喜怒哀乐。	-1	10	10	10	10	10	0,0	20,2	20,2	20,2	-20,0	-20,0	-20,0	-20,0	20,2	20,2	20,2	20,2	0,0	0,0	0,0	0,0	Craftsman	Reader	Artist	LunHui_43	HuaFuShi	YinBody	1
2022015	Human	1	0	兽王庄四庄主	[NAME]自小由义父庄主万青山一手带大。对于捕兽、驯兽手法自是轻车熟路，手中的皮鞭乃其八岁那年所杀的巨鳄皮制成。个性独立，性格泼辣。	-1	10	10	10	10	10	20,2	20,2	20,2	20,2	-20,0	-20,0	-20,0	-20,0	20,2	20,2	20,2	20,2	0,0	0,0	0,0	0,0	Warrior	Tiger_Pier	Wolf_Calm	LunHui_35	LunHui_48	DragonBlood	1
2022016	Human	1	0	唐门千金	[NAME]唐门掌门人唐飞之女，性情温柔，待人和蔼。对哥哥的狠毒行径心存不满，然而她身为一弱质女流，却也只能听之任之，唯有在事后馈赠些金银给受害者家，稍作弥补。	-1	10	10	10	10	10	0,0	20,2	20,2	20,2	-20,0	-20,0	-20,0	-20,0	20,2	20,2	20,2	20,2	0,0	0,0	0,0	0,0	Craftsman	Reader	Artist	LunHui_43	LianBaoShi	LunHui_63	1
2022017	Human	1	0	毒大夫	[NAME]为怪医沈鸩与白丝之女，沈湘芸的堂姐。个性怪辟，最喜欢钻研毒术，隐居在谷外的大森林中。后用主角的身体炼出了“七彩蛊王”，并到西域行医，以毒术为他人治病，成为了当地赫赫有名的“毒大夫”。	-1	10	10	10	10	10	0,0	20,2	20,2	20,2	-20,0	-20,0	-20,0	-20,0	20,2	20,2	20,2	20,2	0,0	0,0	0,0	0,0	Craftsman	Reader	Artist	LunHui_43	LianDanShi	DemonBlood	1
2022018	Human	1	0	林家千金	[NAME]是修真世家林家的大小姐，跟家人赌气之下离家出走，跑去仙剑派，因为林家家主和仙剑派长老熟识，便收留了她。	-1	10	10	10	10	10	0,0	20,2	20,2	20,2	-20,0	-20,0	-20,0	-20,0	20,2	20,2	20,2	20,2	0,0	0,0	0,0	0,0	Craftsman	Reader	Artist	LunHui_43	LianBaoShi	YinBody	1
2022019	Human	1	0	星宫有铃	[NAME]原是星宫宫主，机缘巧合之下加入仙剑派。	-1	10	10	10	10	10	20,2	20,2	20,2	20,2	-20,0	-20,0	-20,0	-20,0	20,2	20,2	20,2	20,2	0,0	0,0	0,0	0,0	Warrior	Tiger_Pier	Wolf_Calm	Optimistic	LunHui_48	YinBody	1
2022020	Human	1	0	出云公主	[NAME]本姓赵，大华出云公主，皇帝赵元羽与皇后肖凤儿之女，高贵气质和美丽容颜冠绝天下。三岁时为避二王夺嫡之祸被玉德圣坊院主收养，改随母姓，拜圣坊武宗宗主宁雨昔为师学习武功，八岁时被圣坊第十六代院主定为十八代院主继承人。少女时代，心怀天下，丽羡群芳，是大华天下数一数二的武林高手之一。	-1	10	10	10	10	10	20,2	20,2	20,2	20,2	20,2	20,2	20,2	20,2	20,2	20,2	20,2	20,2	0,0	0,0	0,0	0,0	LunHui_17	Warrior	Tiger_Pier	Wolf_Calm	LunHui_48	SonOfDestiny	1
2022021	Human	1	0	圣坊宗主	[NAME]玉德圣坊武宗宗主，圣坊第十七代院主静安居士的侄女，肖青璇和李香君的师父，安碧如的师姐，秦仙儿的师叔，容颜绝丽，清心寡欲，不食人间烟火的圣坊仙子，武功天下第一。	-1	10	10	10	10	10	20,2	20,2	20,2	20,2	20,2	20,2	20,2	20,2	20,2	20,2	20,2	20,2	0,0	0,0	0,0	0,0	LunHui_17	Warrior	Tiger_Pier	Wolf_Calm	LunHui_48	SonOfDestiny	1
2022022	Human	1	0	精英弟子		-1	10	10	10	10	10	20,2	20,2	20,2	20,2	20,2	20,2	20,2	20,2	20,2	20,2	20,2	20,2	0,0	0,0	0,0	0,0	Craftsman	Bear_Fat	Rabbit_Fast	Chicken_Sleep	Tor_Longevity	LunHui_4	1
2021001	Human	2	0	蜀山剑仙	蜀山剑仙基本上以蜀山仙剑派为主流，修炼方式注重御器和战斗，修仙求积德而不求升仙，积极入世斩妖。仙剑派道法只要习得九牛一毛就能傲视武林，学得一半便可纵横三界！	-1	10	10	10	10	10	20,2	20,2	0,0	20,2	0,0	0,0	0,0	0,0	20,2	20,2	20,2	20,2	20,2	20,2	20,2	20,2	LunHui_17	Warrior	Tiger_Pier	Wolf_Calm	Rabbit_Fast	LunHui_45	1
2021002	Human	2	0	转世仙人	[NAME]的魂魄来自遥远的过去，因命运的召唤降临此界。虽然死亡与轮回能洗去[ITS]记忆，但是每次重生，命运都会指引[IT]走上相似的道路。\n[NAME]在被命运约束的同时，也享受了命运的馈赠，虽然这一切[IT]并不能察觉。	-1	10	10	10	10	10	0,0	20,2	0,0	20,2	0,0	0,0	0,0	0,0	20,2	20,2	0,0	0,0	0,0	0,0	0,0	0,0	LunHui_9	Inborn_Jin_Add	Inborn_Shui_Add	Inborn_Mu_Add	Inborn_Huo_Add	Inborn_Tu_Add	1
2021003	Human	0	0	仙胎道心	[NAME]有着强大的恢复力和惊人的慧根，并且心如止水一心向道。	-1	10	10	10	10	10	0,0	20,2	0,0	20,2	0,0	0,0	0,0	0,0	20,2	20,2	0,0	0,0	0,0	0,0	0,0	0,0	LunHui_60	Frog	DeepPotential	Anatman	LunHui_57	LunHui_Kong_6	1
2021004	Human	0	0	外门骨干		-1	10	10	10	10	10	20,2	20,2	20,2	20,2	20,2	20,2	20,2	20,2	20,2	20,2	20,2	20,2	0,0	0,0	0,0	0,0	RunFast	Optimistic	Numbness	Strong	Careful	Industrious	1
